	complexity	functionalities	partition	period
0	1167.0	f1	1	100
1	11667.0	f1	1	1000
2	17500.0	f1	1	1500
3	35000.0	f1	1	3000
4	17500.0	f1	1	1500
5	35000.0	f1	1	3000
6	11667.0	f1	2	1000
7	5833.0	f1	2	500
8	5833.0	f1	2	500
9	17500.0	f1	2	1500
10	35000.0	f1	2	3000
11	1167.0	f1	3	100
12	11667.0	f1	3	1000
13	35000.0	f1	3	3000
14	11667.0	f1	3	1000
15	1167.0	f1	4	100
16	35000.0	f1	4	3000
17	17500.0	f1	4	1500
18	35000.0	f1	4	3000
19	5833.0	f1	4	500
20	5833.0	f1	4	500
21	11667.0	f1	4	1000
22	17500.0	f1	5	1500
23	1167.0	f1	5	100
24	11667.0	f1	5	1000
25	5833.0	f1	5	500
26	35000.0	f1	5	3000
0	12500.0	f1;f2	1	1000
1	6250.0	f1;f2	1	500
2	18750.0	f1;f2	1	1500
3	37500.0	f1;f2	1	3000
4	12500.0	f1;f2	2	1000
5	37500.0	f1;f2	2	3000
6	37500.0	f1;f2	2	3000
7	6250.0	f1;f2	2	500
8	18750.0	f1;f2	2	1500
9	37500.0	f1;f2	3	3000
10	1250.0	f1;f2	3	100
11	37500.0	f1;f2	3	3000
12	37500.0	f1;f2	3	3000
13	37500.0	f1;f2	3	3000
